0 0 7f 7f 7f 7f 7f 7f 
0 1 1 0 7f 7f 7f 7f 
0 0 1 1 2 2 3 3 
0 1 2 3 4 5 6 7 
0 1 2 3 4 5 6 7 
0 1 2 3 3 2 1 0 
0 0 1 1 2 2 3 3 
0 1 2 3 6 6 7 7 
0 1 2 3 4 6 3 2 
0 1 2 3 4 5 3 2 
0 1 2 3 4 5 6 7 
0 1 2 3 4 5 6 7 
0 1 2 3 4 5 6 7 
2 3 4 5 3 2 0 0 
0 1 2 3 6 3 7 2 
1 4 1 0 1 3 3 0 
0 1 2 3 4 5 6 7 
0 0 1 1 1 1 0 0 
0 1 2 3 4 5 6 7 
0 1 2 3 4 5 6 7 
0 1 2 3 3 2 6 7 
0 1 2 3 4 5 6 7 
0 1 2 3 4 5 6 7 
0 1 2 3 4 5 6 7 
1 0 0 1 1 1 3 7 
0 1 2 3 4 5 6 7 
0 1 2 3 4 5 6 7 
0 0 1 1 2 2 4 6 
0 1 1 3 7 4 5 1 
0 1 2 3 4 5 6 7 
0 1 2 3 4 5 6 7 
0 0 1 3 2 6 5 7 
0 1 2 3 4 5 6 7 
0 1 2 3 4 5 6 7 
0 1 2 3 6 4 5 7 
0 1 2 3 4 5 6 7 
0 1 2 3 4 5 6 7 
0 1 2 3 4 5 6 7 
0 0 3 4 2 2 3 1 
0 1 1 0 2 2 2 3 
0 1 2 3 4 5 6 7 
0 1 2 3 4 5 6 7 
0 0 1 1 1 3 2 5 
0 1 2 3 4 5 6 7 
0 1 2 3 4 5 6 7 
0 1 2 3 4 5 6 7 
0 1 2 3 4 5 6 7 
0 1 2 3 4 5 6 7 
0 1 2 3 4 5 6 7 
0 1 2 3 4 5 6 7 
0 1 2 3 4 5 6 7 
0 1 2 3 4 5 6 7 
0 1 2 3 4 5 6 7 
0 1 2 3 4 5 6 7 
0 1 2 3 4 5 6 7 
0 1 2 3 4 5 6 7 
0 1 2 3 4 5 6 7 
0 1 2 3 4 5 6 7 
0 1 2 3 4 5 6 7 
0 1 2 3 4 5 6 7 
0 1 2 3 4 5 6 7 
0 1 2 3 4 5 6 7 
0 1 2 3 4 5 6 7 
0 1 2 3 4 5 6 7 
0 1 2 3 4 5 6 7 
