3a
36
35
06
06
08
38
01
08
0a
39
06
02
08
37
3d
05
3a
07
08
39
08
07
3a
37
3a
04
39
07
09
38
09
37
08
37
06
05
38
07
3b
05
07
07
07
0a
07
36
09
38
09
38
07
35
06
08
04
36
07
06
3a
39
05
07
35
39
08
3a
3a
02
02
38
37
3c
0a
04
07
05
05
3e
08
37
07
3d
3c
3a
06
3a
3d
06
39
0a
04
39
04
09
35
08
37
08
37
39
36
3a
39
33
09
39
08
34
3c
05
38
02
06
39
07
39
37
0a
04
38
07
07
04
07
38
08
0c
38
39
09
07
37
09
08
03
06
35
3a
06
06
0b
08
06
08
39
03
36
07
3a
38
06
3a
39
06
05
0a
06
39
08
06
3b
09
0e
36
35
05
3b
39
38
07
3d
38
06
08
38
3c
3d
3b
37
39
04
3d
3b
03
09
03
08
0b
3b
38
06
39
35
36
0b
06
07
07
09
09
09
08
38
37
36
03
39
08
37
38
3c
3b
37
3b
0a
07
3b
0a
07
09
0e
05
08
38
06
07
3b
39
06
36
09
3b
09
3b
07
05
3c
06
05
39
3a
06
37
08
36
07
39
3a
09
36
3a
0b
0a
05
39
09
06
37
37
01
09
08
38
09
3a
05
3c
07
38
08
36
0b
04
3a
3b
39
06
09
36
06
38
3b
07
05
0a
05
36
05
07
37
08
07
08
38
09
0a
3a
3b
3a
39
07
3e
09
06
04
36
07
39
34
38
38
3b
38
39
06
08
06
06
3b
3a
38
09
0b
07
09
38
3a
39
38
09
07
3a
39
3b
09
05
3a
09
38
02
3b
0a
07
06
07
04
0a
09
06
3c
39
08
39
38
38
35
3a
02
03
0b
3c
3a
3a
3b
3d
3c
03
39
35
09
3a
05
08
04
39
37
0a
3c
3e
36
09
3b
07
0a
04
08
06
04
39
39
08
3c
3c
05
04
04
35
39
3a
39
07
3a
08
39
39
05
3b
07
05
37
3a
09
36
3b
09
37
09
3a
38
35
3d
3c
0a
08
0b
09
38
36
07
06
36
