0 0 7f 7f 7f 7f 7f 7f 
0 1 0 1 7f 7f 7f 7f 
0 1 2 3 1 2 3 0 
0 1 2 3 4 5 7 5 
0 1 2 3 4 5 6 7 
0 1 2 3 4 5 6 7 
0 1 1 2 0 5 6 7 
0 1 2 3 4 5 6 7 
0 1 2 3 4 5 6 7 
0 0 0 0 1 2 3 4 
0 1 2 3 4 5 6 7 
0 1 2 3 4 5 6 7 
0 1 2 3 4 5 6 7 
0 0 1 2 0 3 4 5 
0 1 2 3 4 5 6 7 
0 0 1 0 2 0 3 4 
0 1 2 3 4 5 6 7 
0 1 2 3 4 5 6 7 
0 1 2 3 4 5 0 1 
0 1 2 3 4 5 6 7 
0 1 2 3 4 5 6 7 
0 1 2 3 4 5 6 7 
0 1 2 3 4 5 6 7 
0 1 2 3 4 5 6 7 
0 1 2 3 4 5 6 7 
0 1 2 3 4 5 6 7 
0 1 2 3 4 5 6 7 
0 1 2 3 4 5 6 7 
0 1 2 3 4 5 6 7 
0 1 2 3 4 5 6 7 
0 1 2 3 4 5 6 7 
0 1 2 3 4 5 6 7 
0 1 2 3 4 5 6 7 
0 1 2 3 4 5 6 7 
0 1 2 3 4 5 6 7 
0 1 2 3 4 5 6 7 
0 1 2 3 4 5 6 7 
