7ff 7ff 7ff 7ff 7ff 7ff 7ff 7ff 
0 53 7ff 7ff 7ff 7ff 7ff 7ff 
0 53 66 69 7ff 7ff 7ff 7ff 
0 53 67 6c 71 71 72 74 
0 53 67 6c 71 71 74 76 
0 53 67 6c 71 71 74 75 
0 53 67 6c 71 71 74 75 
0 5f 6a 6c 6e 73 77 7b 
0 5f 6a 6c 6e 73 77 7e 
0 5f 6a 6c 6e 73 77 7e 
0 43 5f 6a 6c 6e 73 77 
0 43 45 5f 6a 6c 6e 73 
0 43 45 4e 53 5f 6a 6c 
0 43 45 4e 53 5f 6a 6c 
7ff 7ff 7ff 7ff 7ff 7ff 7ff 7ff 
7ff 7ff 7ff 7ff 7ff 7ff 7ff 7ff 
0 40 48 48 50 55 60 70 
0 40 48 48 4f 50 55 60 
0 40 43 48 48 4f 50 55 
0 3e 40 43 45 48 48 4f 
0 3e 40 43 45 48 48 49 
0 3e 40 43 45 46 48 48 
0 3e 40 43 45 46 48 48 
0 3e 40 43 45 46 48 48 
0 3e 40 43 45 46 48 48 
0 3e 40 43 45 46 48 49 
0 3e 40 43 45 46 48 49 
0 3e 40 43 45 46 48 49 
0 3e 40 43 45 46 48 49 
0 3e 40 43 45 46 48 49 
0 3e 40 43 45 46 48 49 
0 3e 40 43 45 46 48 49 
0 3e 40 43 45 46 48 49 
0 3e 40 43 45 46 48 49 
0 3e 40 43 45 46 48 49 
0 3e 40 43 45 46 48 49 
0 3e 40 43 45 46 48 49 
0 3e 40 43 45 46 48 49 
0 3e 40 43 45 46 48 49 
0 3e 40 43 45 46 48 49 
