3a
05
38
09
05
07
04
07
38
09
06
35
37
3a
38
39
3c
39
06
3c
06
0a
07
3a
35
3b
35
3c
06
02
38
07
3a
3c
3c
06
37
39
09
3c
36
3c
07
3c
35
3a
3a
0b
05
0b
3a
3a
3b
06
38
06
07
3a
3a
39
37
08
04
0b
3a
04
06
3a
39
38
05
0c
35
39
35
3e
36
09
36
08
39
3d
3b
09
0a
06
08
38
06
3a
38
0a
0b
06
3c
36
3a
05
09
06
0a
39
37
36
38
08
08
04
02
38
39
37
38
06
08
3b
36
3e
09
06
36
04
38
35
37
09
0b
03
3a
0c
35
06
05
06
36
39
37
39
37
3a
08
38
3d
06
09
05
0b
3b
05
0e
3b
08
39
3b
06
07
39
07
38
07
06
03
08
3b
3c
3c
07
3a
34
0a
38
3b
3c
07
36
38
39
05
39
09
06
09
09
06
38
36
0c
0c
04
37
39
03
39
06
3a
37
37
0a
39
37
3c
0d
09
03
08
37
04
08
05
05
39
37
09
3a
02
38
