0 0 7f 7f 7f 7f 7f 7f 
0 1 0 1 7f 7f 7f 7f 
0 1 2 3 0 2 1 3 
0 1 2 3 0 5 4 2 
0 1 2 3 4 2 5 6 
0 1 2 3 4 5 6 5 
0 1 2 3 4 5 6 7 
0 0 1 2 1 7 6 4 
0 1 2 4 1 0 3 7 
0 1 2 3 6 4 7 5 
0 0 1 2 3 1 4 5 
0 1 1 2 3 4 5 5 
0 0 1 1 2 2 3 4 
0 1 2 3 4 1 5 6 
0 1 2 3 3 4 2 1 
0 1 2 3 4 5 6 7 
0 0 1 2 3 5 4 7 
0 1 2 3 4 5 6 7 
0 1 3 2 0 5 6 4 
0 1 1 2 3 0 4 5 
0 1 2 3 4 5 6 7 
0 1 2 3 4 5 0 6 
0 1 2 3 1 0 4 2 
0 1 2 3 4 5 6 7 
0 1 2 3 2 4 5 1 
0 1 2 3 4 5 6 7 
0 1 2 3 4 5 6 7 
0 1 2 3 4 5 6 7 
0 1 2 3 4 6 7 5 
0 1 2 3 4 5 7 0 
0 1 2 3 4 5 0 6 
0 1 2 3 4 5 6 7 
0 1 2 3 4 5 6 7 
0 1 2 3 4 5 6 7 
0 1 2 3 4 5 6 7 
0 1 2 3 4 5 0 7 
0 1 2 3 4 5 6 7 
0 1 2 3 4 5 6 7 
0 1 2 3 4 5 6 7 
0 1 2 3 4 5 6 7 
0 1 2 3 4 5 6 7 
0 1 2 3 4 5 6 7 
0 1 2 3 4 5 6 7 
0 1 2 3 4 5 6 7 
0 1 2 3 4 5 6 7 
0 1 2 3 4 5 6 7 
0 1 2 3 4 5 6 7 
0 1 2 3 4 5 6 7 
0 1 2 3 4 5 6 7 
0 1 2 3 4 5 6 7 
0 1 2 3 4 5 6 7 
0 1 2 3 4 5 6 7 
0 1 2 3 4 5 6 7 
0 1 2 3 4 5 6 7 
